2007 07 18 01 11 403
2007 07 18 15 19 404
2007 08 06 14 16 200
2007 08 18 00 33 404
2007 08 26 02 20 404
2007 09 03 04 17 404
2007 09 04 21 36 403
2007 09 09 14 23 403
2007 09 12 18 20 404
2007 09 19 01 11 403
2007 10 13 17 36 200
2007 10 16 04 28 403
2007 10 26 17 41 404
2007 11 10 06 10 403
2007 12 08 01 02 404
2008 01 11 17 48 200
2008 01 28 03 17 404
2008 02 03 08 21 404
2008 03 19 21 01 404
2008 03 23 18 45 200
2008 04 14 10 17 200
2008 04 24 23 57 404
2008 04 28 14 47 404
2008 05 08 10 54 404
2008 05 14 10 39 404
2008 05 18 08 50 200
2008 05 25 02 43 200
2008 06 03 03 04 200
2008 06 06 08 15 200
2008 06 17 00 09 200
2008 07 19 12 08 200
2008 08 02 13 42 404
2008 08 05 07 11 200
2008 08 11 21 54 200
2008 08 14 23 12 403
2008 08 15 04 00 200
2008 09 03 06 57 200
2008 09 14 20 16 404
2008 09 21 06 26 200
2008 11 03 04 24 200
2008 11 14 11 46 404
2008 11 21 16 34 404
2008 11 26 16 15 200
2008 12 11 16 18 403
2008 12 16 08 14 404
2008 12 22 01 13 404
2008 12 28 15 20 404